0.000000e+00	
3.481600e+05	
0.000000e+00	1.000000e+00	
0.000000e+00	1.000000e+00	
0.000000e+00	1.000000e+00	
0.000000e+00	1.626848e-03	
0.000000e+00	1.759596e-03	
0.000000e+00	1.734006e-03	
0.000000e+00	0.000000e+00	
0.000000e+00	0.000000e+00	
0.000000e+00	-6.003716e-06	
0.000000e+00	0.000000e+00	
0.000000e+00	-1.522024e-18	
0.000000e+00	-5.786293e-19	
0.000000e+00	-7.994434e-06	
0.000000e+00	-7.314593e-06	
0.000000e+00	2.154593e-06	
0.000000e+00	7.994434e-06	
0.000000e+00	7.314593e-06	
0.000000e+00	-2.154593e-06	
0.000000e+00	1.218167e-06	
0.000000e+00	6.872927e-07	
0.000000e+00	4.996408e-07	
1.400011e+01	1.000000e+00	
1.400011e+01	1.000000e+00	
1.400011e+01	1.000000e+00	
1.400011e+01	9.229510e-04	
1.400011e+01	9.462547e-04	
1.400011e+01	9.607832e-04	
1.400011e+01	0.000000e+00	
1.400011e+01	0.000000e+00	
1.400011e+01	1.097536e-04	
1.400011e+01	0.000000e+00	
1.400011e+01	-1.522024e-18	
1.400011e+01	-5.786293e-19	
1.400011e+01	4.269616e-04	
1.400011e+01	4.510549e-04	
1.400011e+01	4.549176e-04	
1.400011e+01	-4.269616e-04	
1.400011e+01	-4.510549e-04	
1.400011e+01	-4.549176e-04	
1.400011e+01	-1.964617e-05	
1.400011e+01	-2.443563e-05	
1.400011e+01	-2.405534e-05	
2.800015e+01	1.000000e+00	
2.800015e+01	1.000000e+00	
2.800015e+01	1.000000e+00	
2.800015e+01	5.582030e-02	
2.800015e+01	5.822872e-02	
2.800015e+01	5.864387e-02	
2.800015e+01	0.000000e+00	
2.800015e+01	0.000000e+00	
2.800015e+01	2.559948e-04	
2.800015e+01	0.000000e+00	
2.800015e+01	-1.522024e-18	
2.800015e+01	-5.786293e-19	
2.800015e+01	2.900892e-02	
2.800015e+01	3.078053e-02	
2.800015e+01	3.086939e-02	
2.800015e+01	-2.900892e-02	
2.800015e+01	-3.078053e-02	
2.800015e+01	-3.086939e-02	
2.800015e+01	-1.274006e-03	
2.800015e+01	-1.286278e-03	
2.800015e+01	-1.296975e-03	
4.200001e+01	1.000000e+00	
4.200001e+01	1.000000e+00	
4.200001e+01	1.000000e+00	
4.200001e+01	7.266866e+00	
4.200001e+01	7.596184e+00	
4.200001e+01	7.600906e+00	
4.200001e+01	0.000000e+00	
4.200001e+01	0.000000e+00	
4.200001e+01	-6.815634e-02	
4.200001e+01	0.000000e+00	
4.200001e+01	-1.522024e-18	
4.200001e+01	-5.786293e-19	
4.200001e+01	3.798116e+00	
4.200001e+01	4.031683e+00	
4.200001e+01	4.032868e+00	
4.200001e+01	-3.798116e+00	
4.200001e+01	-4.031683e+00	
4.200001e+01	-4.032868e+00	
4.200001e+01	-1.610757e-01	
4.200001e+01	-1.668558e-01	
4.200001e+01	-1.669792e-01	
